768 0 2 0
816 0 0 0
864 0 1 0
912 0 3 0
960 0 0 0
1008 0 1 0
1056 0 4 0
1104 0 0 0
1152 0 1 0
1200 0 3 0
1248 0 0 0
1296 0 1 0
1344 0 3 0
1392 0 0 0
1440 0 1 0
1488 0 1 0
1536 0 2 0
1584 0 0 0
1632 0 1 0
1680 0 3 0
1728 0 0 0
1776 0 1 0
1824 0 4 0
1872 0 0 0
1920 0 1 0
1968 0 3 0
2016 0 0 0
2064 0 1 0
2112 0 3 0
2160 0 0 0
2208 0 1 0
2256 0 1 0
2304 0 2 0
2352 0 0 0
2400 0 1 0
2448 0 3 0
2496 0 0 0
2544 0 1 0
2592 0 4 0
2640 0 0 0
2688 0 1 0
2736 0 3 0
2784 0 0 0
2832 0 1 0
2880 0 3 0
2928 0 0 0
2976 0 1 0
3024 0 0 0
3072 0 4 0
3120 0 0 0
3168 0 2 0
3216 0 4 0
3264 0 0 0
3312 0 2 0
3360 0 3 0
3408 0 0 0
3456 0 2 0
3504 0 3 0
3552 0 0 0
3600 0 1 0
3648 0 2 0
3696 0 0 0
3744 0 1 0
3792 0 0 0
3840 0 2 0
3888 0 0 0
3936 0 1 0
3984 0 3 0
4032 0 0 0
4080 0 1 0
4128 0 4 0
4176 0 0 0
4224 0 1 0
4272 0 3 0
4320 0 0 0
4368 0 1 0
4416 0 3 0
4464 0 0 0
4512 0 1 0
4560 0 1 0
4608 0 2 0
4656 0 0 0
4704 0 1 0
4752 0 3 0
4800 0 0 0
4848 0 1 0
4896 0 4 0
4944 0 0 0
4992 0 1 0
5040 0 3 0
5088 0 0 0
5136 0 1 0
5184 0 3 0
5232 0 0 0
5280 0 1 0
5328 0 1 0
5376 0 2 0
5424 0 0 0
5472 0 1 0
5520 0 3 0
5568 0 0 0
5616 0 1 0
5664 0 4 0
5712 0 0 0
5760 0 1 0
5808 0 3 0
5856 0 0 0
5904 0 1 0
5952 0 3 0
6000 0 0 0
6048 0 1 0
6096 0 1 0
6144 0 4 0
6192 0 0 0
6240 0 2 0
6288 0 4 0
6336 0 0 0
6384 0 2 0
6432 0 3 0
6480 0 0 0
6528 0 2 0
6576 0 3 0
6624 0 0 0
6672 0 1 0
6720 0 2 0
6768 0 0 0
6816 0 1 0
6864 0 0 0
6912 0 2 0
6960 0 0 0
7008 0 1 0
7056 0 3 0
7104 0 0 0
7152 0 1 0
7200 0 4 0
7248 0 0 0
7296 0 1 0
7344 0 3 0
7392 0 0 0
7440 0 1 0
7488 0 3 0
7536 0 0 0
7584 0 1 0
7632 0 1 0
7680 0 2 0
7728 0 0 0
7776 0 1 0
7824 0 3 0
7872 0 0 0
7920 0 1 0
7968 0 4 0
8016 0 0 0
8064 0 1 0
8112 0 3 0
8160 0 0 0
8208 0 1 0
8256 0 3 0
8304 0 0 0
8352 0 1 0
8400 0 1 0
8448 0 2 0
8496 0 0 0
8544 0 1 0
8592 0 3 0
8640 0 0 0
8688 0 1 0
8736 0 4 0
8784 0 0 0
8832 0 1 0
8880 0 3 0
8928 0 0 0
8976 0 1 0
9024 0 3 0
9072 0 0 0
9120 0 1 0
9168 0 0 0
9216 0 4 0
9264 0 0 0
9312 0 2 0
9360 0 4 0
9408 0 0 0
9456 0 2 0
9504 0 3 0
9552 0 0 0
9600 0 2 0
9648 0 3 0
9696 0 0 0
9744 0 1 0
9792 0 2 0
9840 0 0 0
9888 0 1 0
9936 0 0 0
9984 0 2 0
10032 0 0 0
10080 0 1 0
10128 0 3 0
10176 0 0 0
10224 0 1 0
10272 0 4 0
10320 0 0 0
10368 0 1 0
10416 0 3 0
10464 0 0 0
10512 0 1 0
10560 0 3 0
10608 0 0 0
10656 0 1 0
10704 0 1 0
10752 0 2 0
10800 0 0 0
10848 0 1 0
10896 0 3 0
10944 0 0 0
10992 0 1 0
11040 0 4 0
11088 0 0 0
11136 0 1 0
11184 0 3 0
11232 0 0 0
11280 0 1 0
11328 0 3 0
11376 0 0 0
11424 0 1 0
11472 0 1 0
11520 0 2 0
11568 0 0 0
11616 0 1 0
11664 0 3 0
11712 0 0 0
11760 0 1 0
11808 0 4 0
11856 0 0 0
11904 0 1 0
11952 0 3 0
12000 0 0 0
12048 0 1 0
12096 0 3 0
12144 0 0 0
12192 0 1 0
12240 0 0 0
12288 0 4 0
12336 0 0 0
12384 0 2 0
12432 0 4 0
12480 0 0 0
12528 0 2 0
12576 0 3 0
12624 0 0 0
12672 0 2 0
12720 0 3 0
12768 0 0 0
12816 0 1 0
12864 0 2 0
12912 0 0 0
12960 0 1 0
13008 0 0 0
13056 0 2 1152
13056 0 0 168
13056 0 2 168
13248 0 1 168
13248 0 2 168
13440 0 1 168
13440 0 3 168
13632 0 0 0
13728 0 0 0
14016 0 0 0
14112 0 0 0
14400 0 0 0
14496 0 0 0
14592 0 0 168
14592 0 2 168
14784 0 1 168
14784 0 2 168
14976 0 1 168
14976 0 3 168
15168 0 0 0
15264 0 0 0
15552 0 0 0
15648 0 0 0
15936 0 0 0
16032 0 0 0
16128 0 0 168
16128 0 2 168
16320 0 1 168
16320 0 2 168
16512 0 1 168
16512 0 3 168
16704 0 0 0
16800 0 0 0
17088 0 0 0
17184 0 0 0
17472 0 0 0
17568 0 0 0
17664 0 0 168
17664 0 2 168
17856 0 1 168
17856 0 2 168
18048 0 1 168
18048 0 3 168
18240 0 0 0
18336 0 0 456
18336 0 1 456
18816 0 3 0
18912 0 2 0
19008 0 0 168
19200 0 2 768
19200 0 0 168
19200 0 2 168
19392 0 0 168
19392 0 2 168
19584 0 2 0
19584 0 0 0
19680 0 1 168
19680 0 3 168
19872 0 1 0
19872 0 0 0
19968 0 0 360
19968 0 2 360
20352 0 0 0
20352 0 2 0
20448 0 3 0
20448 0 1 0
20544 0 0 168
20544 0 1 168
20736 0 0 168
20736 0 2 168
20928 0 0 168
20928 0 2 168
21120 0 2 0
21120 0 0 0
21216 0 1 264
21216 0 3 264
21504 0 0 360
21504 0 1 360
21888 0 3 0
21984 0 2 0
22080 0 0 168
22272 0 0 168
22272 0 2 168
22464 0 0 168
22464 0 2 168
22656 0 2 0
22656 0 0 0
22752 0 1 168
22752 0 3 168
22944 0 1 0
22944 0 0 0
23040 0 0 360
23040 0 2 360
23424 0 0 0
23424 0 2 0
23520 0 3 0
23520 0 1 0
23616 0 0 168
23616 0 1 168
23808 0 0 168
23808 0 2 168
24000 0 2 168
24000 0 0 168
24192 0 2 0
24192 0 0 0
24288 0 1 264
24288 0 3 264
24576 0 2 768
24576 0 1 360
24576 0 0 360
24960 0 3 0
25056 0 2 0
25152 0 0 168
25344 0 2 168
25344 0 0 168
25536 0 0 0
25632 0 0 0
25728 0 0 0
25824 0 0 0
25920 0 0 0
26016 0 0 0
26112 0 0 0
26208 0 0 0
26304 0 0 0
26400 0 0 0
26496 0 0 0
26592 0 3 0
26592 0 1 0
26688 0 1 168
26688 0 0 168
26880 0 0 168
26880 0 2 168
27072 0 0 0
27168 0 0 0
27264 0 0 0
27360 0 0 0
27456 0 0 0
27552 0 0 0
27648 0 0 360
27648 0 1 360
28032 0 3 0
28128 0 2 0
28224 0 0 168
28416 0 0 168
28416 0 2 168
28608 0 0 0
28704 0 0 0
28800 0 0 0
28896 0 0 0
28992 0 0 0
29088 0 0 0
29184 0 0 0
29280 0 0 0
29376 0 0 0
29472 0 0 0
29568 0 0 0
29664 0 3 0
29664 0 1 0
29760 0 0 168
29760 0 1 168
29952 0 2 168
29952 0 0 168
30144 0 0 0
30240 0 0 0
30336 0 0 0
30432 0 0 0
30528 0 0 0
30624 0 0 0
30720 0 2 768
30720 0 0 360
30720 0 1 360
31104 0 3 0
31200 0 2 0
31296 0 0 168
31488 0 4 168
31488 0 1 168
31680 0 1 168
31680 0 4 168
31872 0 1 0
31872 0 4 0
31968 0 4 264
31968 0 2 264
32256 0 1 168
32256 0 4 168
32448 0 4 168
32448 0 1 168
32640 0 1 0
32640 0 4 0
32736 0 4 0
32736 0 2 0
32832 0 3 168
32832 0 1 168
33024 0 1 168
33024 0 4 168
33216 0 1 168
33216 0 4 168
33408 0 1 0
33408 0 4 0
33504 0 2 264
33504 0 4 264
33792 0 4 168
33792 0 1 168
33984 0 1 168
33984 0 4 168
34176 0 1 0
34176 0 4 0
34272 0 4 0
34272 0 2 0
34368 0 1 168
34368 0 3 168
34560 0 3 168
34560 0 2 168
34752 0 2 168
34752 0 3 168
34944 0 2 0
34944 0 3 0
35040 0 3 264
35040 0 4 264
35328 0 3 168
35328 0 2 168
35520 0 2 168
35520 0 3 168
35712 0 2 0
35712 0 3 0
35808 0 4 0
35808 0 3 0
35904 0 1 168
35904 0 4 168
36096 0 2 168
36096 0 3 168
36288 0 2 168
36288 0 3 168
36480 0 2 0
36480 0 3 0
36576 0 4 264
36576 0 3 264
36864 0 3 168
36864 0 2 168
37056 0 3 168
37056 0 2 168
37248 0 2 0
37248 0 3 0
37344 0 4 0
37344 0 3 0
37440 0 4 168
37440 0 1 168
37632 0 2 768
37632 0 0 168
37632 0 2 168
37824 0 0 168
37824 0 2 168
38016 0 2 0
38016 0 0 0
38112 0 1 0
38112 0 0 0
38208 0 2 0
38208 0 0 0
38304 0 0 264
38304 0 1 264
38592 0 0 168
38592 0 1 168
38784 0 3 0
38880 0 2 0
38976 0 0 168
39168 0 2 168
39168 0 4 168
39360 0 2 168
39360 0 4 168
39552 0 2 0
39552 0 4 0
39648 0 3 0
39648 0 2 0
39744 0 4 0
39744 0 2 0
39840 0 3 168
39840 0 4 168
40032 0 4 0
40032 0 3 0
40128 0 4 0
40128 0 3 0
40224 0 3 0
40224 0 4 0
40320 0 3 0
40416 0 2 0
40512 0 0 168
40704 0 0 168
40704 0 2 168
40896 0 2 168
40896 0 0 168
41088 0 2 0
41088 0 0 0
41184 0 1 0
41184 0 0 0
41280 0 2 0
41280 0 0 0
41376 0 0 264
41376 0 1 264
41664 0 0 168
41664 0 1 168
41856 0 3 0
41952 0 2 0
42048 0 0 168
42240 0 2 168
42240 0 4 168
42432 0 2 168
42432 0 4 168
42624 0 2 0
42624 0 4 0
42720 0 3 0
42720 0 2 0
42816 0 4 0
42816 0 2 0
42912 0 3 264
42912 0 4 264
43200 0 4 168
43200 0 3 168
43392 0 3 0
43488 0 2 0
43584 0 0 168
43776 0 0 168
43776 0 2 168
43968 0 1 168
43968 0 2 168
44160 0 1 168
44160 0 3 168
44352 0 2 960
44352 0 0 0
44448 0 0 0
44736 0 0 0
44832 0 0 0
45120 0 0 0
45216 0 0 0
45312 0 0 168
45312 0 2 168
45504 0 1 168
45504 0 2 168
45696 0 1 168
45696 0 3 168
45888 0 0 0
45984 0 0 456
45984 0 1 456
46464 0 3 0
46560 0 2 0
46656 0 0 168
46848 0 2 168
46848 0 0 168
47040 0 0 0
47136 0 0 0
47232 0 0 0
47328 0 0 0
47424 0 0 0
47520 0 0 0
47616 0 0 0
47712 0 0 0
47808 0 0 0
47904 0 0 0
48000 0 0 0
48096 0 3 0
48096 0 1 0
48192 0 1 168
48192 0 0 168
48384 0 0 168
48384 0 2 168
48576 0 0 0
48672 0 0 0
48768 0 0 0
48864 0 0 0
48960 0 0 0
49056 0 0 0
49152 0 0 360
49152 0 1 360
49536 0 3 0
49632 0 2 0
49728 0 0 168
49920 0 0 168
49920 0 2 168
50112 0 0 0
50208 0 0 0
50304 0 0 0
50400 0 0 0
50496 0 0 0
50592 0 0 0
50688 0 0 0
50784 0 0 0
50880 0 0 0
50976 0 0 0
51072 0 0 0
51168 0 3 0
51168 0 1 0
51264 0 0 168
51264 0 1 168
51456 0 2 168
51456 0 0 168
51648 0 0 0
51744 0 0 0
51840 0 0 0
51936 0 0 0
52032 0 0 0
52128 0 0 0
52224 0 2 768
52224 0 0 360
52224 0 1 360
52608 0 3 0
52704 0 2 0
52800 0 0 168
52992 0 4 168
52992 0 1 168
53184 0 1 168
53184 0 4 168
53376 0 1 0
53376 0 4 0
53472 0 4 264
53472 0 2 264
53760 0 1 168
53760 0 4 168
53952 0 4 168
53952 0 1 168
54144 0 1 0
54144 0 4 0
54240 0 4 0
54240 0 2 0
54336 0 3 168
54336 0 1 168
54528 0 1 168
54528 0 4 168
54720 0 1 168
54720 0 4 168
54912 0 1 0
54912 0 4 0
55008 0 2 264
55008 0 4 264
55296 0 4 168
55296 0 1 168
55488 0 1 168
55488 0 4 168
55680 0 1 0
55680 0 4 0
55776 0 4 0
55776 0 2 0
55872 0 1 168
55872 0 3 168
56064 0 3 168
56064 0 2 168
56256 0 2 168
56256 0 3 168
56448 0 2 0
56448 0 3 0
56544 0 3 264
56544 0 4 264
56832 0 3 168
56832 0 2 168
57024 0 2 168
57024 0 3 168
57216 0 2 0
57216 0 3 0
57312 0 4 0
57312 0 3 0
57408 0 1 168
57408 0 4 168
57600 0 2 168
57600 0 3 168
57792 0 2 168
57792 0 3 168
57984 0 2 0
57984 0 3 0
58080 0 4 264
58080 0 3 264
58368 0 3 168
58368 0 2 168
58560 0 3 168
58560 0 2 168
58752 0 2 0
58752 0 3 0
58848 0 4 0
58848 0 3 0
58944 0 4 168
58944 0 1 168
59136 0 2 768
59136 0 0 168
59136 0 2 168
59328 0 0 168
59328 0 2 168
59520 0 2 0
59520 0 0 0
59616 0 1 0
59616 0 0 0
59712 0 2 0
59712 0 0 0
59808 0 0 264
59808 0 1 264
60096 0 0 168
60096 0 1 168
60288 0 3 0
60384 0 2 0
60480 0 0 168
60672 0 2 168
60672 0 4 168
60864 0 2 168
60864 0 4 168
61056 0 2 0
61056 0 4 0
61152 0 3 0
61152 0 2 0
61248 0 4 0
61248 0 2 0
61344 0 3 264
61344 0 4 264
61632 0 3 168
61632 0 4 168
61824 0 3 0
61920 0 2 0
62016 0 0 168
62208 0 0 168
62208 0 2 168
62400 0 2 168
62400 0 0 168
62592 0 2 0
62592 0 0 0
62688 0 1 0
62688 0 0 0
62784 0 2 0
62784 0 0 0
62880 0 0 264
62880 0 1 264
63168 0 0 168
63168 0 1 168
63360 0 3 0
63456 0 2 0
63552 0 0 168
63744 0 2 168
63744 0 4 168
63936 0 2 168
63936 0 4 168
64128 0 2 0
64128 0 4 0
64224 0 3 0
64224 0 2 0
64320 0 4 0
64320 0 2 0
64416 0 3 264
64416 0 4 264
64704 0 4 168
64704 0 3 168
64896 0 3 0
64992 0 2 0
65088 0 0 168
65280 0 0 168
65280 0 2 168
65472 0 1 168
65472 0 2 168
65664 0 1 168
65664 0 3 168
65856 0 2 864
65856 0 0 0
65952 0 0 0
66240 0 0 0
66336 0 0 0
66624 0 0 0
66720 0 0 0
66816 0 0 168
66816 0 2 168
67008 0 1 168
67008 0 2 168
67200 0 1 168
67200 0 3 168
67392 0 0 0
67488 0 0 456
67488 0 1 456
67968 0 3 0
68064 0 2 0
68160 0 0 168
68352 0 1 0
68400 0 3 0
68448 0 1 0
68496 0 0 0
68544 0 1 0
68592 0 3 0
68640 0 1 0
68688 0 0 0
68736 0 1 0
68784 0 3 0
68832 0 1 0
68880 0 0 0
68928 0 1 0
68976 0 3 0
69024 0 1 0
69072 0 0 0
69120 0 2 0
69168 0 4 0
69216 0 2 0
69264 0 0 0
69312 0 2 0
69360 0 4 0
69408 0 2 0
69456 0 0 0
69504 0 1 0
69552 0 2 0
69600 0 1 0
69648 0 0 0
69696 0 1 0
69744 0 2 0
69792 0 1 0
69840 0 0 0
69888 0 1 0
69936 0 3 0
69984 0 1 0
70032 0 0 0
70080 0 1 0
70128 0 3 0
70176 0 1 0
70224 0 0 0
70272 0 1 0
70320 0 3 0
70368 0 1 0
70416 0 0 0
70464 0 1 0
70512 0 3 0
70560 0 1 0
70608 0 0 0
70656 0 2 0
70704 0 4 0
70752 0 2 0
70800 0 0 0
70848 0 2 0
70896 0 4 0
70944 0 2 0
70992 0 0 0
71040 0 1 0
71088 0 2 0
71136 0 1 0
71184 0 0 0
71232 0 1 0
71280 0 2 0
71328 0 1 0
71376 0 0 0
71424 0 1 0
71472 0 3 0
71520 0 1 0
71568 0 0 0
71616 0 1 0
71664 0 3 0
71712 0 1 0
71760 0 0 0
71808 0 1 0
71856 0 3 0
71904 0 1 0
71952 0 0 0
72000 0 1 0
72048 0 3 0
72096 0 1 0
72144 0 0 0
72192 0 3 0
72240 0 4 0
72288 0 3 0
72336 0 0 0
72384 0 3 0
72432 0 4 0
72480 0 3 0
72528 0 0 0
72576 0 1 0
72624 0 2 0
72672 0 1 0
72720 0 0 0
72768 0 1 0
72816 0 2 0
72864 0 1 0
72912 0 0 0
72960 0 2 0
73008 0 4 0
73056 0 2 0
73104 0 0 0
73152 0 2 0
73200 0 4 0
73248 0 2 0
73296 0 0 0
73344 0 2 0
73392 0 3 0
73440 0 2 0
73488 0 0 0
73536 0 2 0
73584 0 3 0
73632 0 2 0
73680 0 0 0
73728 0 4 720
74496 0 0 0
74544 0 1 168
74752 0 0 0
74816 0 1 0
74880 0 2 0
74928 0 3 0
75072 0 2 168
75264 0 1 216
75520 0 2 0
75584 0 3 0
75648 0 3 0
75696 0 4 0
75840 0 1 168
76032 0 0 216
76288 0 1 0
76352 0 2 0
76416 0 0 168
76608 0 0 0
76672 0 1 0
76736 0 2 0
76800 0 3 0
76864 0 4 152
77056 0 4 0
77088 0 4 0
77120 0 4 0
77184 0 4 360
77568 0 0 0
77616 0 1 168
77824 0 2 0
77888 0 3 0
77952 0 1 216
78208 0 2 0
78272 0 3 0
78336 0 3 0
78400 0 4 152
78592 0 3 0
78656 0 2 0
78720 0 1 216
78960 0 0 120
79104 0 3 0
79232 0 4 0
79360 0 2 0
79488 0 3 0
79616 0 4 0
79744 0 2 0
79872 0 3 552
80448 0 0 168
80640 0 1 0
80688 0 2 0
80736 0 3 0
80784 0 4 0
80832 0 0 0
80880 0 1 0
80928 0 2 0
80960 0 1 0
80992 0 2 0
81024 0 3 0
81056 0 4 136
81216 0 3 0
81312 0 2 0
81408 0 1 0
81440 0 3 0
81472 0 2 0
81504 0 1 0
81552 0 0 0
81600 0 3 0
81632 0 2 0
81664 0 4 0
81696 0 3 0
81728 0 2 0
81760 0 1 0
81792 0 0 264
82080 0 2 0
82176 0 1 0
82208 0 2 0
82240 0 3 0
82272 0 4 0
82296 0 3 0
82320 0 2 0
82368 0 0 0
82400 0 1 0
82432 0 3 0
82464 0 4 0
82488 0 3 0
82512 0 1 0
82560 0 0 0
82592 0 1 0
82624 0 2 0
82656 0 4 0
82680 0 2 0
82704 0 1 0
82752 0 0 0
82784 0 1 0
82816 0 2 0
82848 0 3 0
82872 0 2 0
82896 0 1 0
82920 0 2 0
82944 0 3 0
82976 0 4 0
83008 0 3 0
83040 0 2 0
83072 0 1 0
83104 0 0 0
83136 0 3 0
83168 0 2 0
83200 0 1 0
83232 0 4 0
83264 0 3 0
83296 0 2 0
83328 0 1 216
83568 0 0 120
83712 0 1 0
83760 0 2 0
83808 0 0 0
83856 0 1 0
83904 0 2 0
83952 0 3 0
84000 0 2 0
84048 0 4 0
84096 0 1 0
84144 0 2 0
84192 0 3 0
84240 0 4 0
84288 0 0 0
84336 0 1 0
84384 0 2 0
84432 0 3 0
84480 0 4 0
84528 0 3 0
84576 0 2 0
84624 0 1 0
84672 0 3 0
84720 0 1 0
84768 0 2 0
84816 0 1 0
84864 0 0 360
85248 0 2 0
85344 0 4 0
85440 0 3 0
85488 0 2 0
85536 0 1 0
85584 0 2 0
85632 0 1 0
85680 0 0 0
85728 0 4 0
85760 0 3 0
85792 0 2 0
85824 0 3 0
85856 0 2 0
85888 0 1 0
85920 0 2 0
85968 0 1 0
86016 0 0 360
86400 0 5 0
86400 0 4 360
86784 0 2 0
86832 0 0 0
86880 0 1 0
86928 0 3 0
86976 0 0 0
87024 0 1 0
87072 0 4 0
87120 0 0 0
87168 0 1 0
87216 0 3 0
87264 0 0 0
87312 0 1 0
87360 0 3 0
87408 0 0 0
87456 0 1 0
87504 0 1 0
87552 0 2 0
87600 0 0 0
87648 0 1 0
87696 0 3 0
87744 0 0 0
87792 0 1 0
87840 0 4 0
87888 0 0 0
87936 0 1 0
87984 0 3 0
88032 0 0 0
88080 0 1 0
88128 0 3 0
88176 0 0 0
88224 0 1 0
88272 0 1 0
88320 0 2 0
88368 0 0 0
88416 0 1 0
88464 0 3 0
88512 0 0 0
88560 0 1 0
88608 0 4 0
88656 0 0 0
88704 0 1 0
88752 0 3 0
88800 0 0 0
88848 0 1 0
88896 0 3 0
88944 0 0 0
88992 0 1 0
89040 0 0 0
89088 0 4 0
89136 0 0 0
89184 0 2 0
89232 0 4 0
89280 0 0 0
89328 0 2 0
89376 0 3 0
89424 0 0 0
89472 0 2 0
89520 0 3 0
89568 0 0 0
89616 0 1 0
89664 0 2 0
89712 0 0 0
89760 0 1 0
89808 0 0 0
89856 0 2 0
89904 0 0 0
89952 0 1 0
90000 0 3 0
90048 0 0 0
90096 0 1 0
90144 0 4 0
90192 0 0 0
90240 0 1 0
90288 0 3 0
90336 0 0 0
90384 0 1 0
90432 0 3 0
90480 0 0 0
90528 0 1 0
90576 0 1 0
90624 0 2 0
90672 0 0 0
90720 0 1 0
90768 0 3 0
90816 0 0 0
90864 0 1 0
90912 0 4 0
90960 0 0 0
91008 0 1 0
91056 0 3 0
91104 0 0 0
91152 0 1 0
91200 0 3 0
91248 0 0 0
91296 0 1 0
91344 0 1 0
91392 0 2 0
91440 0 0 0
91488 0 1 0
91536 0 3 0
91584 0 0 0
91632 0 1 0
91680 0 4 0
91728 0 0 0
91776 0 1 0
91824 0 3 0
91872 0 0 0
91920 0 1 0
91968 0 3 0
92016 0 0 0
92064 0 1 0
92112 0 0 0
92160 0 4 0
92208 0 0 0
92256 0 2 0
92304 0 4 0
92352 0 0 0
92400 0 2 0
92448 0 3 0
92496 0 0 0
92544 0 2 0
92592 0 3 0
92640 0 0 0
92688 0 1 0
92736 0 2 0
92784 0 0 0
92832 0 1 0
92880 0 0 0
92928 0 2 0
92976 0 0 0
93024 0 1 0
93072 0 3 0
93120 0 0 0
93168 0 1 0
93216 0 4 0
93264 0 0 0
93312 0 1 0
93360 0 3 0
93408 0 0 0
93456 0 1 0
93504 0 3 0
93552 0 0 0
93600 0 1 0
93648 0 1 0
93696 0 2 0
93744 0 0 0
93792 0 1 0
93840 0 3 0
93888 0 0 0
93936 0 1 0
93984 0 4 0
94032 0 0 0
94080 0 1 0
94128 0 3 0
94176 0 0 0
94224 0 1 0
94272 0 3 0
94320 0 0 0
94368 0 1 0
94416 0 1 0
94464 0 2 0
94464 0 2 768
94512 0 0 0
94560 0 1 0
94608 0 3 0
94656 0 0 0
94704 0 1 0
94752 0 4 0
94800 0 0 0
94848 0 1 0
94896 0 3 0
94944 0 0 0
94992 0 1 0
95040 0 3 0
95088 0 0 0
95136 0 1 0
95184 0 0 0
95232 0 4 0
95280 0 0 0
95328 0 2 0
95376 0 4 0
95424 0 0 0
95472 0 2 0
95520 0 4 0
95568 0 0 0
95616 0 2 0
95664 0 4 0
95712 0 0 0
95760 0 2 0
95808 0 4 0
95856 0 0 0
95904 0 1 0
95952 0 0 0
96000 0 4 0
96048 0 0 0
96096 0 2 0
96144 0 4 0
96192 0 0 0
96240 0 2 0
96288 0 3 0
96336 0 0 0
96384 0 2 0
96432 0 3 0
96480 0 0 0
96528 0 1 0
96576 0 2 0
96624 0 0 0
96672 0 1 0
96720 0 0 0
96768 0 0 168
96768 0 2 168
96960 0 4 0
97056 0 2 0
97152 0 3 0
97248 0 4 168
97440 0 3 864
98496 0 4 0
98592 0 2 0
98688 0 3 0
98784 0 4 168
98976 0 3 456
99456 0 1 384
100032 0 4 0
100032 3 2 1344
100128 0 2 0
100224 0 3 0
100320 0 4 168
100512 0 3 864
101568 0 4 0
101664 0 2 0
101760 0 3 0
101856 0 4 168
102048 0 3 456
102528 0 1 384
103104 0 4 0
103200 0 2 0
103296 0 3 0
103392 0 4 168
103584 0 3 864
104640 0 4 0
104736 0 2 0
104832 0 3 0
104928 0 4 168
105120 0 3 456
105600 0 1 384
106176 0 4 0
106272 0 2 0
106368 0 3 0
106464 0 4 168
106656 0 3 864
107712 0 4 0
107808 0 2 0
107904 0 3 0
108000 0 4 168
108192 0 3 456
108672 0 1 360
109056 0 0 168
109056 0 2 168
109248 0 1 168
109248 0 2 168
109440 0 1 168
109440 0 3 168
109632 0 0 0
109728 0 0 0
110016 0 0 0
110112 0 0 0
110400 0 0 0
110496 0 0 0
110592 0 0 168
110592 0 2 168
110784 0 1 168
110784 0 2 168
110976 0 3 168
110976 0 1 168
111168 0 0 0
111264 0 1 2400
111264 0 0 2400