768 0 2 168 
960 0 4 168 
1152 0 0 0 
1248 0 1 0 
1344 0 4 168 
1536 0 3 144 
1728 0 4 0 
1824 0 3 0 
1920 0 2 0 
2016 0 3 0 
2112 0 4 168 
2304 0 2 168 
2496 0 4 168 
2688 0 0 0 
2784 0 1 0 
2880 0 4 168 
3072 0 3 144 
3264 0 4 0 
3360 0 3 0 
3456 0 2 0 
3552 0 3 0 
3648 0 4 168 
3840 0 2 168 
4032 0 4 168 
4224 0 0 0 
4320 0 1 0 
4416 0 4 168 
4608 0 3 144 
4608 3 2 696 
4800 0 4 0 
4896 0 3 0 
4992 0 2 0 
5088 0 3 0 
5184 0 4 168 
5376 0 2 168 
5568 0 4 168 
5760 0 0 0 
5856 0 1 0 
5952 0 4 168 
6144 0 3 144 
6336 0 4 0 
6432 0 3 0 
6528 0 2 0 
6624 0 3 0 
6720 0 4 168 
6912 0 1 0 
7008 0 4 0 
7104 0 4 0 
7200 0 2 0 
7296 0 2 0 
7392 0 4 0 
7488 0 2 0 
7584 0 4 0 
7680 0 3 0 
7776 0 3 0 
7872 0 2 0 
7968 0 4 0 
8064 0 3 168 
8256 0 2 0 
8352 0 3 0 
8448 0 0 0 
8448 3 2 1080 
8544 0 1 0 
8640 0 2 0 
8736 0 3 264 
9024 0 3 168 
9216 0 0 0 
9312 0 1 0 
9408 0 2 0 
9984 0 2 72 
9984 0 3 72 
10080 0 2 72 
10080 0 3 72 
10176 0 2 72 
10176 0 3 72 
10272 0 0 168 
10272 0 2 168 
10464 0 0 72 
10464 0 2 72 
10560 0 0 72 
10560 0 2 72 
10656 0 0 72 
10656 0 2 72 
10752 0 1 72 
10752 0 2 72 
10848 0 1 72 
10848 0 2 72 
10944 0 1 72 
10944 0 2 72 
11040 0 1 168 
11040 0 2 168 
11232 0 1 72 
11232 0 2 72 
11328 0 1 168 
11328 0 2 168 
11520 0 2 72 
11520 0 3 72 
11616 0 2 72 
11616 0 3 72 
11712 0 2 72 
11712 0 3 72 
11808 0 0 168 
11808 0 2 168 
12000 0 0 72 
12000 0 2 72 
12096 0 0 72 
12096 0 2 72 
12192 0 0 72 
12192 0 2 72 
12288 0 1 72 
12288 0 2 72 
12384 0 1 72 
12384 0 2 72 
12480 0 1 72 
12480 0 2 72 
12576 0 0 168 
12576 0 2 168 
12768 0 0 72 
12768 0 2 72 
12864 0 0 72 
12864 0 2 72 
12960 0 0 72 
12960 0 2 72 
13056 0 0 72 
13056 0 1 72 
13056 3 2 744 
13152 0 0 72 
13152 0 1 72 
13248 0 0 72 
13248 0 1 72 
13344 0 0 168 
13344 0 2 168 
13536 0 0 72 
13536 0 2 72 
13632 0 0 72 
13632 0 2 72 
13728 0 0 72 
13728 0 2 72 
13824 0 2 168 
13824 0 3 168 
14016 0 2 72 
14016 0 3 72 
14112 0 2 72 
14112 0 3 72 
14208 0 1 168 
14208 0 2 168 
14400 0 1 72 
14400 0 2 72 
14496 0 1 72 
14496 0 2 96 
14592 0 0 72 
14592 0 1 72 
14688 0 0 72 
14688 0 1 72 
14784 0 0 72 
14784 0 1 72 
14880 0 0 168 
14880 0 2 168 
15072 0 0 72 
15072 0 2 72 
15168 0 0 72 
15168 0 2 72 
15264 0 0 72 
15264 0 2 72 
15360 0 1 0 
15360 0 2 0 
15408 0 1 0 
15408 0 2 0 
15456 0 1 0 
15456 0 2 0 
15504 0 1 0 
15504 0 2 0 
15552 0 1 0 
15552 0 2 0 
15600 0 1 0 
15600 0 2 0 
15648 0 1 0 
15648 0 2 0 
15696 0 1 0 
15696 0 2 0 
15744 0 1 0 
15744 0 2 0 
16128 0 2 168 
16128 3 2 1392 
16320 0 4 168 
16512 0 0 0 
16608 0 1 0 
16704 0 4 168 
16896 0 3 144 
17088 0 4 0 
17184 0 3 0 
17280 0 2 0 
17376 0 3 0 
17472 0 4 168 
17664 0 2 168 
17856 0 4 168 
18048 0 0 0 
18144 0 1 0 
18240 0 4 168 
18432 0 3 144 
18624 0 4 0 
18720 0 3 0 
18816 0 2 0 
18912 0 3 0 
19008 0 4 168 
19200 0 2 168 
19392 0 4 168 
19584 0 0 0 
19680 0 1 0 
19776 0 4 168 
19968 0 3 144 
20160 0 4 0 
20256 0 3 0 
20352 0 2 0 
20448 0 3 0 
20544 0 4 168 
20736 0 2 168 
20928 0 4 168 
21120 0 0 0 
21216 0 1 0 
21312 0 4 168 
21504 0 3 144 
21696 0 4 0 
21792 0 3 0 
21888 0 2 0 
21984 0 3 0 
22080 0 4 168 
22272 0 1 0 
22272 3 2 696 
22368 0 4 0 
22464 0 4 0 
22560 0 2 0 
22656 0 2 0 
22752 0 4 0 
22848 0 2 0 
22944 0 4 0 
23040 0 3 0 
23136 0 3 0 
23232 0 2 0 
23328 0 4 0 
23424 0 3 168 
23616 0 2 0 
23712 0 3 0 
23808 0 0 0 
23904 0 1 0 
24000 0 2 0 
24096 0 3 264 
24384 0 3 168 
24576 0 1 0 
24576 0 2 0 
24672 0 1 0 
24672 0 2 0 
24768 0 1 0 
24768 0 2 0 
25344 0 2 72 
25344 0 3 72 
25440 0 2 72 
25440 0 3 72 
25536 0 2 72 
25536 0 3 72 
25632 0 0 168 
25632 0 2 168 
25824 0 0 72 
25824 0 2 72 
25920 0 0 72 
25920 0 2 72 
26016 0 0 72 
26016 0 2 72 
26112 0 1 72 
26112 0 2 72 
26208 0 1 72 
26208 0 2 72 
26304 0 1 72 
26304 0 2 72 
26400 0 1 168 
26400 0 2 168 
26592 0 1 72 
26592 0 2 72 
26688 0 1 168 
26688 0 2 168 
26880 0 2 72 
26880 0 3 72 
26976 0 2 72 
26976 0 3 72 
27072 0 2 72 
27072 0 3 72 
27168 0 0 168 
27168 0 2 168 
27360 0 0 72 
27360 0 2 72 
27456 0 0 72 
27456 0 2 72 
27552 0 0 72 
27552 0 2 72 
27648 0 1 72 
27648 0 2 72 
27744 0 1 72 
27744 0 2 72 
27840 0 1 72 
27840 0 2 72 
27936 0 0 168 
27936 0 2 168 
28128 0 0 72 
28128 0 2 72 
28224 0 0 72 
28224 0 2 72 
28320 0 0 72 
28320 0 2 72 
28416 0 0 72 
28416 0 1 72 
28416 3 2 720 
28512 0 0 72 
28512 0 1 72 
28608 0 0 72 
28608 0 1 72 
28704 0 0 168 
28704 0 2 168 
28896 0 0 72 
28896 0 2 72 
28992 0 0 72 
28992 0 2 72 
29088 0 0 72 
29088 0 2 72 
29184 0 2 168 
29184 0 3 168 
29376 0 2 72 
29376 0 3 72 
29472 0 2 72 
29472 0 3 72 
29568 0 1 168 
29568 0 2 168 
29760 0 1 72 
29760 0 2 72 
29856 0 1 72 
29856 0 2 96 
29952 0 0 72 
29952 0 1 72 
30048 0 0 72 
30048 0 1 72 
30144 0 0 72 
30144 0 1 72 
30240 0 0 168 
30240 0 2 168 
30432 0 0 72 
30432 0 2 72 
30528 0 0 72 
30528 0 2 72 
30624 0 0 72 
30624 0 2 72 
30720 0 1 72 
30720 0 2 72 
30816 0 1 72 
30816 0 2 72 
30912 0 1 72 
30912 0 2 72 
31008 0 1 72 
31008 0 2 72 
31104 0 1 72 
31104 0 2 72 
31200 0 1 72 
31200 0 2 72 
31296 0 1 72 
31296 0 2 72 
31392 0 1 72 
31392 0 2 72 
31488 0 0 0 
31584 0 1 0 
31680 0 3 0 
31776 0 2 0 
31872 0 4 0 
31968 0 3 0 
32064 0 2 0 
32160 0 1 168 
32352 3 3 0 
32448 0 3 0 
32544 0 1 0 
32640 0 4 0 
32736 0 3 0 
32832 0 2 0 
32928 0 1 0 
33024 0 1 0 
33120 0 1 0 
33216 0 2 0 
33312 0 1 0 
33408 0 1 0 
33504 0 1 0 
33600 0 4 168 
33792 0 3 360 
34176 0 3 168 
34368 0 4 168 
34560 0 1 0 
34560 3 2 1464 
34656 0 0 0 
34752 0 2 0 
34848 0 0 0 
34944 0 1 0 
35040 0 0 0 
35136 0 2 0 
35232 0 1 0 
35328 0 1 0 
35424 0 1 0 
35520 0 2 0 
35616 0 1 0 
35712 0 4 0 
35808 0 3 0 
35904 0 2 0 
36000 0 1 0 
36096 0 2 0 
36192 0 1 0 
36288 0 3 0 
36384 0 1 0 
36480 0 2 0 
36576 0 1 0 
36672 0 3 0 
36768 0 1 0 
36864 0 4 744 
37632 0 2 168 
37824 0 4 168 
38016 0 0 0 
38112 0 1 0 
38208 0 4 168 
38400 0 3 144 
38592 0 4 0 
38688 0 3 0 
38784 0 2 0 
38880 0 3 0 
38976 0 4 168 
39168 0 2 168 
39360 0 4 168 
39552 0 0 0 
39648 0 1 0 
39744 0 4 168 
39936 0 3 144 
40128 0 4 0 
40224 0 3 0 
40320 0 2 0 
40416 0 3 0 
40512 0 4 168 
40704 0 2 168 
40704 3 2 720 
40896 0 4 168 
41088 0 0 0 
41184 0 1 0 
41280 0 4 168 
41472 0 3 144 
41664 0 4 0 
41760 0 3 0 
41856 0 2 0 
41952 0 3 0 
42048 0 4 168 
42240 0 2 168 
42432 0 4 168 
42624 0 0 0 
42720 0 1 0 
42816 0 4 168 
43008 0 3 144 
43200 0 4 0 
43296 0 3 0 
43392 0 2 0 
43488 0 3 0 
43584 0 4 168 
43776 0 2 168 
43968 0 4 168 
44160 0 0 0 
44256 0 1 0 
44352 0 4 168 
44544 0 3 144 
44736 0 4 0 
44832 0 3 0 
44928 0 2 0 
44928 0 3 0 
45312 0 2 72 
45312 0 3 72 
45312 3 2 1536 
45408 0 2 72 
45408 0 3 72 
45504 0 2 72 
45504 0 3 72 
45600 0 0 168 
45600 0 2 168 
45792 0 0 72 
45792 0 2 72 
45888 0 0 72 
45888 0 2 72 
45984 0 0 72 
45984 0 2 72 
46080 0 1 72 
46080 0 2 72 
46176 0 1 72 
46176 0 2 72 
46272 0 1 72 
46272 0 2 72 
46368 0 1 168 
46368 0 2 168 
46560 0 1 72 
46560 0 2 72 
46656 0 1 168 
46656 0 2 168 
46848 0 2 72 
46848 0 3 72 
46944 0 2 72 
46944 0 3 72 
47040 0 2 72 
47040 0 3 72 
47136 0 0 168 
47136 0 2 168 
47328 0 0 72 
47328 0 2 72 
47424 0 0 72 
47424 0 2 72 
47520 0 0 72 
47520 0 2 72 
47616 0 1 72 
47616 0 2 72 
47712 0 1 72 
47712 0 2 72 
47808 0 1 72 
47808 0 2 72 
47904 0 0 168 
47904 0 2 168 
48096 0 0 72 
48096 0 2 72 
48192 0 0 72 
48192 0 2 72 
48288 0 0 72 
48288 0 2 72 
48384 0 0 72 
48384 0 1 72 
48480 0 0 72 
48480 0 1 72 
48576 0 0 72 
48576 0 1 72 
48672 0 0 168 
48672 0 2 168 
48864 0 0 72 
48864 0 2 72 
48960 0 0 72 
48960 0 2 72 
49056 0 0 72 
49056 0 2 72 
49152 0 2 168 
49152 0 3 168 
49344 0 2 72 
49344 0 3 72 
49440 0 2 72 
49440 0 3 72 
49536 0 1 168 
49536 0 2 168 
49728 0 1 72 
49728 0 2 72 
49824 0 1 72 
49824 0 2 72 
49920 0 0 72 
49920 0 1 72 
50016 0 0 72 
50016 0 1 72 
50112 0 0 72 
50112 0 1 72 
50208 0 0 168 
50208 0 2 168 
50400 0 0 72 
50400 0 2 72 
50496 0 0 72 
50496 0 2 72 
50592 0 0 72 
50592 0 2 72 
50688 0 2 168 
50688 0 3 168 
50688 3 2 720 
50880 0 2 72 
50880 0 3 72 
50976 0 2 72 
50976 0 3 72 
51072 0 1 168 
51072 0 2 168 
51264 0 1 72 
51264 0 2 72 
51360 0 1 72 
51360 0 2 72 
51456 0 2 72 
51456 0 3 72 
51552 0 2 72 
51552 0 3 72 
51648 0 2 72 
51648 0 3 72 
51744 0 0 168 
51744 0 2 168 
51936 0 0 72 
51936 0 2 72 
52032 0 0 72 
52032 0 2 72 
52128 0 0 72 
52128 0 2 72 
52224 0 1 72 
52224 0 2 72 
52320 0 1 72 
52320 0 2 72 
52416 0 1 72 
52416 0 2 72 
52512 0 1 168 
52512 0 2 168 
52704 0 1 72 
52704 0 2 72 
52800 0 1 168 
52800 0 2 168 
52992 0 2 72 
52992 0 3 72 
53088 0 2 72 
53088 0 3 72 
53184 0 2 72 
53184 0 3 72 
53280 0 0 168 
53280 0 2 168 
53472 0 0 72 
53472 0 2 72 
53568 0 0 72 
53568 0 2 72 
53664 0 0 72 
53664 0 2 72 
53760 0 1 72 
53760 0 2 72 
53856 0 1 72 
53856 0 2 72 
53952 0 1 72 
53952 0 2 72 
54048 0 0 168 
54048 0 2 168 
54240 0 0 72 
54240 0 2 72 
54336 0 0 72 
54336 0 2 72 
54432 0 0 72 
54432 0 2 72 
54528 0 0 72 
54528 0 1 72 
54624 0 0 72 
54624 0 1 72 
54720 0 0 72 
54720 0 1 72 
54816 0 0 168 
54816 0 2 168 
55008 0 0 72 
55008 0 2 72 
55104 0 0 72 
55104 0 2 72 
55200 0 0 72 
55200 0 2 72 
55296 0 2 168 
55296 0 3 168 
55488 0 2 72 
55488 0 3 72 
55584 0 2 72 
55584 0 3 72 
55680 0 1 168 
55680 0 2 168 
55872 0 1 72 
55872 0 2 72 
55968 0 1 72 
55968 0 2 72 
56064 0 0 72 
56064 0 1 72 
56160 0 0 72 
56160 0 1 72 
56256 0 0 72 
56256 0 1 72 
56352 0 0 168 
56352 0 2 168 
56544 0 0 72 
56544 0 2 72 
56640 0 0 72 
56640 0 2 72 
56736 0 0 72 
56736 0 2 72 
56832 0 2 168 
56832 0 3 168 
57024 0 2 72 
57024 0 3 72 
57120 0 2 72 
57120 0 3 72 
57216 0 1 168 
57216 0 2 168 
57408 0 1 72 
57408 0 2 72 
57504 0 1 72 
57504 0 2 72 
57600 0 0 72 
57600 0 1 72 
57600 3 2 1464 
57696 0 0 72 
57696 0 1 72 
57792 0 0 72 
57792 0 1 72 
57888 0 0 168 
57888 0 2 168 
58080 0 0 72 
58080 0 2 72 
58176 0 0 72 
58176 0 2 72 
58272 0 0 72 
58272 0 2 72 
58368 0 2 168 
58368 0 3 168 
58560 0 2 72 
58560 0 3 72 
58656 0 2 72 
58656 0 3 72 
58752 0 1 168 
58752 0 2 168 
58944 0 1 72 
58944 0 2 72 
59040 0 1 72 
59040 0 2 72 
59136 0 0 72 
59136 0 1 72 
59232 0 0 72 
59232 0 1 72 
59328 0 0 72 
59328 0 1 72 
59424 0 0 168 
59424 0 2 168 
59616 0 0 72 
59616 0 2 72 
59712 0 0 72 
59712 0 2 72 
59808 0 0 72 
59808 0 2 72 
59904 0 1 72 
59904 0 2 72 
60000 0 1 72 
60000 0 2 72 
60096 0 1 72 
60096 0 2 72 
60192 0 1 72 
60192 0 2 72 
60288 0 1 72 
60288 0 2 72 
60384 0 1 72 
60384 0 2 72 
60480 0 1 72 
60480 0 2 72 
60576 0 1 72 
60576 0 2 72 
60672 0 2 0 
60672 3 2 720 
60768 0 1 0 
60864 0 3 0 
60960 0 1 0 
61056 0 2 0 
61152 0 1 0 
61248 0 3 0 
61344 0 1 0 
61440 0 2 0 
61536 0 1 0 
61632 0 3 0 
61728 0 1 0 
61824 0 4 0 
61920 0 3 0 
62016 0 1 0 
62112 0 2 0 
62208 0 2 0 
62304 0 1 0 
62400 0 3 0 
62496 0 1 0 
62592 0 2 0 
62688 0 1 0 
62784 0 3 0 
62880 0 1 0 
62976 0 2 0 
63072 0 1 0 
63168 0 3 0 
63264 0 1 0 
63360 0 3 0 
63456 0 2 0 
63552 0 3 0 
63648 0 4 0 
63744 0 2 0 
63840 0 1 0 
63936 0 3 0 
64032 0 1 0 
64128 0 2 0 
64224 0 1 0 
64320 0 3 0 
64416 0 1 0 
64512 0 2 0 
64608 0 1 0 
64704 0 3 0 
64800 0 1 0 
64896 0 4 0 
64992 0 3 0 
65088 0 4 0 
65184 0 2 0 
65280 0 2 264 
65568 0 1 264 
65856 0 0 3264 