1536 0 1 648
1536 0 6 0 
2208 0 0 0
2208 0 6 0 
2304 0 1 0
2304 0 6 0 
2400 0 2 0
2400 0 6 0 
2496 0 1 0
2496 0 6 0 
2592 0 0 0
2592 0 6 0 
2688 0 1 0
2688 0 6 0 
2784 0 2 120
2784 0 6 0 
2928 0 3 528
2928 0 6 0 
3840 0 2 360
3840 0 6 0 
3840 3 2 1536
4224 0 1 0
4224 0 6 0 
4320 0 2 0
4320 0 6 0 
4416 0 3 0
4416 0 6 0 
4512 0 2 0
4512 0 6 0 
4608 0 1 0
4608 0 6 0 
4704 0 2 0
4704 0 6 0 
4800 0 1 0
4800 0 6 0 
4896 0 0 0
4896 0 6 0 
4992 0 1 488
4992 0 2 488
4992 0 6 0 
5568 0 0 1320
5568 0 1 1320
5568 0 6 0 
6912 0 2 0
7008 0 3 1032
7008 0 5 0 
8256 0 2 0
8352 0 3 0
8448 0 0 0
8544 0 1 1248
8544 0 5 0 
9984 0 2 0
10080 0 3 1128
10080 0 5 0 
11328 0 2 0
11424 0 3 0
11424 0 5 0 
11520 0 0 0
11616 0 1 1248
11616 0 5 0 
13056 0 2 0
13056 3 2 2304
13152 0 3 1224
13152 0 5 0 
14400 0 2 0
14496 0 3 0
14592 0 0 0
14688 0 1 1248
14688 0 5 0 
16128 0 0 0
16320 0 3 264
16608 0 2 264
16896 0 1 744
17664 0 0 168
17856 0 3 264
18144 0 2 264
18432 0 1 744
19200 0 0 168
19392 0 3 264
19680 0 2 264
19968 0 1 744
20736 0 0 168
20928 0 3 264
21216 0 2 264
21504 0 1 744
22272 0 2 0
22368 0 3 1032
22368 0 5 0 
23616 0 2 0
23712 0 3 0
23808 0 0 0
23904 0 1 1248
23904 0 5 0 
25344 0 2 0
25344 3 2 768
25440 0 3 1224
25440 0 5 0 
26688 0 2 0
26784 0 3 0
26880 0 0 0
26976 0 1 1248
26976 0 5 0 
28416 0 2 0
28512 0 3 1224
28512 0 5 0 
29760 0 2 0
29856 0 3 0
29856 0 5 0 
29952 0 0 0
30048 0 1 1344
30048 0 5 0 
31488 0 0 0
31680 0 3 264
31968 0 2 264
32256 0 1 744
33024 0 0 168
33216 0 3 264
33504 0 2 264
33792 0 1 744
34560 0 0 168
34560 3 2 1536
34752 0 3 264
35040 0 2 264
35328 0 1 744
36096 0 0 168
36288 0 3 264
36576 0 2 264
36864 0 3 120
37056 0 2 0
37152 0 3 0
37248 0 2 0
37344 0 1 0
37440 0 1 0
37536 0 1 0
37632 0 0 264
38016 0 1 0
38112 0 2 264
38400 0 3 0
38496 0 2 168
38688 0 1 456
39168 0 0 0
39360 0 1 0
39456 0 3 0
39552 0 2 168
39744 0 1 0
39936 0 1 0
40032 0 0 168
40224 0 3 0
40320 0 3 360
40704 0 0 0
40896 0 1 0
40992 0 2 0
41088 0 3 0
41184 0 3 0
41280 0 3 0
41376 0 1 0
41472 0 2 264
41472 0 3 264
41760 0 2 360
41760 0 3 360
42144 0 1 0
42240 0 0 360
42624 0 3 0
42720 0 3 264
43008 0 3 360
43392 0 3 1032
44448 0 0 456
44928 0 1 168
44928 0 5 0 
45120 0 2 168
45120 0 5 0 
45312 3 2 1728
45408 0 2 0
45504 0 2 0
45696 0 3 0
45792 0 3 0
45888 0 1 0
45984 0 1 0
46176 0 2 0
46272 0 2 0
46368 0 0 0
46464 0 0 0
46560 0 2 0
46656 0 2 0
46752 0 1 0
46848 0 1 0
46944 0 1 0
47136 0 2 0
47232 0 2 0
47424 0 3 0
47520 0 3 0
47616 0 1 0
47712 0 1 0
47904 0 2 0
48000 0 2 0
48096 0 0 0
48192 0 0 0
48288 0 2 0
48384 0 2 0
48480 0 1 0
48576 0 1 0
48672 0 1 0
48864 0 2 0
48960 0 2 0
49152 0 3 0
49248 0 3 0
49344 0 1 0
49440 0 1 0
49632 0 2 0
49728 0 2 0
49824 0 0 0
49920 0 0 0
50016 0 2 0
50112 0 2 0
50208 0 1 0
50304 0 1 0
50400 0 1 0
50592 0 2 0
50688 0 2 0
50880 0 3 0
50976 0 3 0
51072 0 1 0
51168 0 1 0
51360 0 2 0
51456 0 2 0
51552 0 0 0
51648 0 0 0
51744 0 2 0
51840 0 2 0
51936 0 1 0
52032 0 1 0
52128 0 0 0
52224 0 0 0
52320 0 3 0
52416 0 3 0
52512 0 2 0
52608 0 2 0
52704 0 1 0
52800 0 1 0
52896 0 0 0
52992 0 0 0
53088 0 1 1224
53088 0 5 0 
54336 0 0 0
54336 3 2 576
54432 0 1 0
54528 0 2 0
54624 0 3 1248
56064 0 0 0
56160 0 1 1224
56160 0 5 0 
57408 0 0 0
57504 0 1 0
57504 0 5 0 
57600 0 2 0
57696 0 3 1032
57696 0 5 0 
58752 0 3 0
59136 0 0 0
59232 0 1 1224
59232 0 5 0 
60480 0 0 0
60576 0 1 0
60672 0 2 0
60768 0 3 1344
60768 0 5 0 
62208 0 0 0
62400 0 3 264
62688 0 2 264
62976 0 1 744
63744 0 0 168
63744 3 2 1536
63936 0 3 264
64224 0 2 264
64512 0 1 744
65280 0 0 168
65472 0 3 264
65760 0 2 264
66048 0 1 744
66816 0 0 168
67008 0 3 264
67296 0 2 264
67584 0 1 168
67776 0 0 0
67872 0 1 0
67968 0 3 120
68112 0 2 0
68256 0 1 0
68352 0 0 0
68448 0 1 168
68640 0 1 168
68832 0 3 0
68928 0 1 0
69120 0 2 168
69408 0 1 456
69888 0 0 0
70080 0 1 0
70176 0 3 0
70272 0 2 168
70464 0 1 168
70656 0 1 744
71424 0 0 264
71424 3 2 1536
71808 0 3 0
72000 0 2 168
72192 0 1 552
72768 0 1 168
72960 0 0 744
73728 0 1 648
74400 0 3 168
74592 0 2 0
74784 0 1 0
74880 0 0 0
74976 0 0 864
76128 0 2 0
76224 0 2 0
76416 0 3 0
76512 0 3 0
76608 0 1 0
76704 0 1 0
76896 0 2 0
76992 0 2 0
77088 0 0 0
77184 0 0 0
77280 0 2 0
77376 0 2 0
77472 0 1 0
77568 0 1 0
77664 0 1 0
77856 0 2 0
77952 0 2 0
78144 0 3 0
78240 0 3 0
78336 0 1 0
78432 0 1 0
78624 0 2 0
78720 0 2 0
78816 0 0 0
78912 0 0 0
79008 0 2 0
79104 0 2 0
79200 0 1 0
79296 0 1 0
79392 0 1 0
79584 0 2 0
79680 0 2 0
79872 0 3 0
79968 0 3 0
80064 0 1 0
80160 0 1 0
80352 0 2 0
80448 0 2 0
80544 0 0 0
80640 0 0 0
80736 0 2 0
80832 0 2 0
80928 0 1 0
81024 0 1 0
81120 0 1 0
81216 3 2 1824
81312 0 2 0
81408 0 2 0
81600 0 3 0
81696 0 3 0
81792 0 1 0
81888 0 1 0
82080 0 2 0
82176 0 2 0
82272 0 0 0
82368 0 0 0
82464 0 2 0
82560 0 2 0
82656 0 1 0
82752 0 1 0
82848 0 0 0
82944 0 0 0
83040 0 3 0
83136 0 3 0
83232 0 2 0
83328 0 2 0
83424 0 1 0
83520 0 1 0
83616 0 0 0
83808 0 2 0
83904 0 2 0
84096 0 3 0
84192 0 3 0
84288 0 1 0
84384 0 1 0
84576 0 2 0
84672 0 2 0
84768 0 0 0
84864 0 0 0
84960 0 2 0
85056 0 2 0
85152 0 1 0
85248 0 1 0
85344 0 1 0
85536 0 2 0
85632 0 2 0
85824 0 3 0
85920 0 3 0
86016 0 1 0
86112 0 1 0
86304 0 2 0
86400 0 2 0
86496 0 0 0
86592 0 0 0
86688 0 2 0
86784 0 2 0
86880 0 1 0
86976 0 1 0
87072 0 1 0
87264 0 2 0
87360 0 2 0
87552 0 3 0
87648 0 3 0
87744 0 1 0
87840 0 1 0
88032 0 2 0
88128 0 2 0
88224 0 0 0
88320 0 0 0
88416 0 2 0
88512 0 2 0
88608 0 1 0
88704 0 1 0
88800 0 1 0
88992 0 2 0
89088 0 2 0
89280 0 3 0
89376 0 3 0
89472 0 1 0
89568 0 1 0
89760 0 2 0
89856 0 2 0
89952 0 0 0
90048 0 0 0
90144 0 2 0
90240 0 2 0
90336 0 1 0
90432 0 1 0
90528 0 1 0
90624 3 2 1728
90720 0 2 0
90816 0 2 0
91008 0 3 0
91104 0 3 0
91200 0 1 0
91296 0 1 0
91488 0 2 0
91584 0 2 0
91680 0 0 0
91776 0 0 0
91872 0 2 0
91968 0 2 0
92064 0 1 0
92160 0 1 0
92256 0 1 0
92448 0 2 0
92544 0 2 0
92736 0 3 0
92832 0 3 0
92928 0 1 0
93024 0 1 0
93216 0 2 0
93312 0 2 0
93408 0 0 0
93504 0 0 0
93600 0 2 0
93696 0 2 0
93792 0 1 0
93888 0 1 0
93984 0 1 0
94176 0 2 0
94272 0 2 0
94464 0 3 0
94560 0 3 0
94656 0 1 0
94752 0 1 0
94944 0 2 0
95040 0 2 0
95136 0 0 0
95232 0 0 0
95328 0 2 0
95424 0 2 0
95520 0 1 0
95616 0 1 0
95712 0 1 0
95904 0 2 0
96000 0 2 0
96192 0 3 0
96288 0 3 0
96384 0 1 0
96480 0 1 0
96672 0 2 0
96768 0 2 0
96864 0 0 0
96960 0 0 0
97056 0 2 0
97152 0 2 0
97248 0 1 0
97344 0 1 0
97440 0 1 0
97632 0 2 0
97728 0 2 0
97920 0 3 0
98016 0 3 0
98112 0 1 0
98208 0 1 0
98400 0 2 0
98496 0 2 0
98592 0 0 0
98688 0 0 0
98784 0 2 0
98880 0 2 0
98976 0 1 0
99072 0 1 0
99168 0 1 0
99360 0 2 0
99456 0 2 0
99648 0 3 0
99744 0 3 0
99840 0 1 0
99936 0 1 0
100128 0 2 0
100224 0 2 0
100320 0 0 0
100416 0 0 0
100512 0 2 0
100608 0 2 0
100704 0 1 0
100800 0 1 0
100896 0 1 0