1536 0 0 648
1536 0 6 0 
2304 0 0 0
2304 0 6 0 
2496 0 0 0
2496 0 6 0 
2688 0 0 0
2688 0 6 0 
2784 0 1 120
2784 0 6 0 
2928 0 2 528
2928 0 6 0 
3840 0 1 360
3840 0 6 0 
3840 3 2 1536
4224 0 0 0
4224 0 6 0 
4416 0 2 0
4416 0 6 0 
4608 0 1 0
4608 0 6 0 
4800 0 0 0
4800 0 6 0 
4992 0 2 488
4992 0 6 0 
5568 0 0 1320
5568 0 6 0 
6912 0 1 0
7008 0 2 1032
7008 0 5 0 
8256 0 1 0
8448 0 0 0
8544 0 1 1248
8544 0 5 0 
9984 0 1 0
10080 0 2 1128
10080 0 5 0 
11328 0 1 0
11520 0 0 0
11616 0 1 1248
11616 0 5 0 
13056 0 1 0
13056 3 2 2304
13152 0 2 1224
13152 0 5 0 
14400 0 1 0
14592 0 0 0
14688 0 1 1248
14688 0 5 0 
16320 0 2 264
16608 0 1 264
16896 0 0 744
17856 0 2 264
18144 0 1 264
18432 0 0 744
19392 0 2 264
19680 0 1 264
19968 0 0 744
20928 0 2 264
21216 0 1 264
21504 0 0 744
22272 0 1 0
22368 0 2 1032
22368 0 5 0 
23616 0 1 0
23808 0 0 0
23904 0 1 1248
23904 0 5 0 
25344 0 1 0
25344 3 2 768
25440 0 2 1224
25440 0 5 0 
26688 0 1 0
26880 0 0 0
26976 0 1 1248
26976 0 5 0 
28416 0 1 0
28512 0 2 1224
28512 0 5 0 
29760 0 1 0
29952 0 0 0
30048 0 1 1344
30048 0 5 0 
31680 0 2 264
31968 0 1 264
32256 0 0 744
33216 0 2 264
33504 0 1 264
33792 0 0 744
34560 3 2 1536
34752 0 2 264
35040 0 1 264
35328 0 0 744
36288 0 2 264
36576 0 1 264
36864 0 2 120
37056 0 1 0
37248 0 2 0
37440 0 1 0
37632 0 0 264
38016 0 0 0
38112 0 1 264
38400 0 2 0
38496 0 1 168
38688 0 0 456
39168 0 0 0
39360 0 1 0
39552 0 2 168
39744 0 1 0
39936 0 1 0
40032 0 0 168
40320 0 2 360
40704 0 0 0
40896 0 1 0
41088 0 2 0
41280 0 2 0
41472 0 1 264
41760 0 1 360
42240 0 0 360
42624 0 2 0
42720 0 2 264
43008 0 2 360
43392 0 2 1032
44448 0 0 456
44928 0 1 384
44928 0 5 0 
45312 3 2 1728
45504 0 1 0
45696 0 2 0
45888 0 0 0
46272 0 2 0
46464 0 0 0
46656 0 2 0
46848 0 1 0
47232 0 1 0
47424 0 2 0
47616 0 0 0
48000 0 2 0
48192 0 0 0
48384 0 2 0
48576 0 1 0
48960 0 1 0
49152 0 2 0
49344 0 0 0
49728 0 2 0
49920 0 0 0
50112 0 2 0
50304 0 1 0
50688 0 1 0
50880 0 2 0
51072 0 0 0
51456 0 2 0
51648 0 0 0
51840 0 2 0
52032 0 1 0
52224 0 0 0
52416 0 2 0
52608 0 1 0
52800 0 0 0
52992 0 0 0
53088 0 1 1224
53088 0 5 0 
54336 0 0 0
54336 3 2 576
54528 0 1 0
54624 0 2 1248
56064 0 0 0
56160 0 1 1224
56160 0 5 0 
57408 0 0 0
57600 0 1 0
57696 0 2 1032
57696 0 5 0 
58752 0 2 0
59136 0 0 0
59232 0 1 1224
59232 0 5 0 
60480 0 0 0
60672 0 1 0
60768 0 2 1344
60768 0 5 0 
62400 0 2 264
62688 0 1 264
62976 0 0 744
63744 3 2 1536
63936 0 2 264
64224 0 1 264
64512 0 0 744
65472 0 2 264
65760 0 1 264
66048 0 0 744
67008 0 2 264
67296 0 1 264
67584 0 0 168
67776 0 1 0
67968 0 2 120
68208 0 1 0
68352 0 0 0
68448 0 1 168
68640 0 1 168
68928 0 1 0
69120 0 2 168
69408 0 1 456
69888 0 0 0
70080 0 1 0
70272 0 2 168
70464 0 1 168
70656 0 1 744
71424 0 0 264
71424 3 2 1536
71808 0 2 0
72000 0 1 168
72192 0 2 552
72768 0 2 168
72960 0 0 744
73728 0 1 648
74400 0 2 168
74592 0 1 0
74880 0 1 0
74976 0 0 864
76224 0 1 0
76416 0 2 0
76608 0 0 0
76992 0 2 0
77184 0 0 0
77376 0 2 0
77568 0 1 0
77952 0 1 0
78144 0 2 0
78336 0 0 0
78720 0 2 0
78912 0 0 0
79104 0 2 0
79296 0 1 0
79680 0 1 0
79872 0 2 0
80064 0 0 0
80448 0 2 0
80640 0 0 0
80832 0 2 0
81024 0 1 0
81216 3 2 1824
81408 0 1 0
81600 0 2 0
81792 0 0 0
82176 0 2 0
82368 0 0 0
82560 0 2 0
82752 0 1 0
82944 0 0 0
83136 0 2 0
83328 0 1 0
83520 0 0 0
83904 0 1 0
84096 0 2 0
84288 0 0 0
84672 0 2 0
84864 0 0 0
85056 0 2 0
85248 0 1 0
85632 0 1 0
85824 0 2 0
86016 0 0 0
86400 0 2 0
86592 0 0 0
86784 0 2 0
86976 0 1 0
87360 0 1 0
87552 0 2 0
87744 0 0 0
88128 0 2 0
88320 0 0 0
88512 0 2 0
88704 0 1 0
89088 0 1 0
89280 0 2 0
89472 0 0 0
89856 0 2 0
90048 0 0 0
90240 0 2 0
90432 0 1 0
90624 3 2 1728
90816 0 1 0
91008 0 2 0
91200 0 0 0
91584 0 2 0
91776 0 0 0
91968 0 2 0
92160 0 1 0
92544 0 1 0
92736 0 2 0
92928 0 0 0
93312 0 2 0
93504 0 0 0
93696 0 2 0
93888 0 1 0
94272 0 1 0
94464 0 2 0
94656 0 0 0
95040 0 2 0
95232 0 0 0
95424 0 2 0
95616 0 1 0
96000 0 1 0
96192 0 2 0
96384 0 0 0
96768 0 2 0
96960 0 0 0
97152 0 2 0
97344 0 1 0
97728 0 1 0
97920 0 2 0
98112 0 0 0
98496 0 2 0
98688 0 0 0
98880 0 2 0
99072 0 1 0
99456 0 1 0
99648 0 2 0
99840 0 0 0
100224 0 2 0
100416 0 0 0
100608 0 2 0
100800 0 1 0